  2.260329406981054E-006  2.153542649439337E-010
  2.299083939280999E-006  2.153542565988481E-010
  2.338502938348109E-006  2.153542481106828E-010
  2.378595528406804E-006  2.153542394774721E-010
  2.419377795340748E-006  2.153542306957531E-010
  2.460859295614875E-006  2.153542217634673E-010
  2.503052017951263E-006  2.153542126780338E-010
  2.545968156624916E-006  2.153542034368269E-010
  2.589617645335055E-006  2.153541940377071E-010
  2.634017997058429E-006  2.153541844769032E-010
  2.679179616081904E-006  2.153541747521752E-010
  2.725115554732314E-006  2.153541648607131E-010
  2.771839089125476E-006  2.153541547996569E-010
  2.819361034249682E-006  2.153541445666789E-010
  2.867700456782333E-006  2.153541341576731E-010
  2.916868684048540E-006  2.153541235702005E-010
  2.966879926339829E-006  2.153541128012013E-010
  3.017745759642625E-006  2.153541018481826E-010
  3.069486592263696E-006  2.153540907067504E-010
  3.122114548576935E-006  2.153540793742934E-010
  3.175644838782979E-006  2.153540678475365E-010
  3.230092933869325E-006  2.153540561231492E-010
  3.285471436810436E-006  2.153540441984166E-010
  3.341802566479043E-006  2.153540320685549E-010
  3.399099522888430E-006  2.153540197307220E-010
  3.457378865644249E-006  2.153540071813520E-010
  3.516657438275268E-006  2.153539944168179E-010
  3.576948961855403E-006  2.153539814341651E-010
  3.638277626451519E-006  2.153539682281849E-010
  3.700657803143908E-006  2.153539547957833E-010
  3.764107520658548E-006  2.153539411330778E-010
  3.828645116833374E-006  2.153539272361197E-010
  3.894285530036298E-006  2.153539131016923E-010
  3.961055096406968E-006  2.153538987241249E-010
  4.028969461986361E-006  2.153538841000488E-010
  4.098048254956888E-006  2.153538692252376E-010
  4.168311440036437E-006  2.153538540953914E-010
  4.239775280881725E-006  2.153538387070095E-010
  4.312468450098549E-006  2.153538230539168E-010
  4.386407981799398E-006  2.153538071324464E-010
  4.461615245522266E-006  2.153537909379960E-010
  4.538111977197079E-006  2.153537744658861E-010
  4.615915883345145E-006  2.153537577123039E-010
  4.695058180322935E-006  2.153537406705273E-010
  4.775557413460138E-006  2.153537233365634E-010
  4.857436848138365E-006  2.153537057054020E-010
  4.940715436800724E-006  2.153536877729631E-010
  5.025426592346881E-006  2.153536695320515E-010
  5.111590165051194E-006  2.153536509783930E-010
  5.199231057367035E-006  2.153536321066255E-010
  5.288374598713393E-006  2.153536129112956E-010
  5.379041422939323E-006  2.153535933879594E-010
  5.471267907240330E-006  2.153535735287843E-010
  5.565075662949705E-006  2.153535533291172E-010
  5.660491801794474E-006  2.153535327831197E-010
  5.757543900346432E-006  2.153535118848549E-010
  5.856254423030053E-006  2.153534906294851E-010
  5.956662974320433E-006  2.153534690084821E-010
  6.058793082845859E-006  2.153534470167806E-010
  6.162674265607376E-006  2.153534246480241E-010
  6.268336545690483E-006  2.153534018957483E-010
  6.375804380498434E-006  2.153533787546873E-010
  6.485120888100826E-006  2.153533552155566E-010
  6.596311684517808E-006  2.153533312728404E-010
  6.709408905413403E-006  2.153533069196189E-010
  6.824438729139394E-006  2.153532821502557E-010
  6.941447307774252E-006  2.153532569548137E-010
  7.060462059812893E-006  2.153532313273882E-010
  7.181517382149743E-006  2.153532052605736E-010
  7.304648261432006E-006  2.153531787468362E-010
  7.429890284171293E-006  2.153531517785136E-010
  7.557272439848540E-006  2.153531243493635E-010
  7.686845836524720E-006  2.153530964483821E-010
  7.818640836995103E-006  2.153530680690310E-010
  7.952695531821065E-006  2.153530392031082E-010
  8.089040950332338E-006  2.153530098439334E-010
  8.227731796815607E-006  2.153529799797277E-010
  8.368800570548392E-006  2.153529496034925E-010
  8.512288042339635E-006  2.153529187064498E-010
  8.658235682035165E-006  2.153528872796704E-010
  8.806685670503052E-006  2.153528553140712E-010
  8.957672369118309E-006  2.153528228022548E-010
  9.111256356518172E-006  2.153527897311769E-010
  9.267473621873917E-006  2.153527560930884E-010
  9.426369314116180E-006  2.153527218782676E-010
  9.587980212462830E-006  2.153526870787962E-010
  9.752371158175209E-006  2.153526516807123E-010
  9.919580672807568E-006  2.153526156757213E-010
  1.008965708220122E-005  2.153525790534189E-010
  1.026264954076937E-005  2.153525418032199E-010
  1.043859809067573E-005  2.153525039165043E-010
  1.061757332571085E-005  2.153524653780707E-010
  1.079961718494988E-005  2.153524261788896E-010
  1.098478228156302E-005  2.153523863076327E-010
  1.117311147528634E-005  2.153523457550719E-010
  1.136468032725213E-005  2.153523045049373E-010
  1.155953372758429E-005  2.153522625475641E-010
  1.175772799158597E-005  2.153522198708257E-010
  1.195932040011569E-005  2.153521764623901E-010
  1.216436921614234E-005  2.153521323097123E-010
  1.237292190184044E-005  2.153520874025728E-010
  1.258506213237878E-005  2.153520417229552E-010
  1.280083961835040E-005  2.153519952601568E-010
  1.302031672240594E-005  2.153519480007499E-010
  1.324354424640235E-005  2.153518999337966E-010
  1.347061175332314E-005  2.153518510400124E-010
  1.370157245165402E-005  2.153518013079415E-010
  1.393649309220211E-005  2.153517507232116E-010
  1.417544157025207E-005  2.153516992712047E-010
  1.441847319465471E-005  2.153516469400120E-010
  1.466568547416244E-005  2.153515937086391E-010
  1.491713633776394E-005  2.153515395646132E-010
  1.517289845820491E-005  2.153514844922872E-010
  1.543304575424334E-005  2.153514284757468E-010
  1.569763844157134E-005  2.153513715020263E-010
  1.596678267963585E-005  2.153513135482697E-010
  1.624054153671793E-005  2.153512546008971E-010
  1.651899413287911E-005  2.153511946428737E-010
  1.680222094473584E-005  2.153511336568733E-010
  1.709028753014229E-005  2.153510716287809E-010
  1.738330946670456E-005  2.153510085337112E-010
  1.768135541793922E-005  2.153509443568814E-010
  1.798451152321086E-005  2.153508790797459E-010
  1.829284795336103E-005  2.153508126871966E-010
  1.860648841862993E-005  2.153507451525977E-010
  1.892550641405186E-005  2.153506764601260E-010
  1.924999414019961E-005  2.153506065899310E-010
  1.958004537847311E-005  2.153505355218215E-010
  1.991575551820355E-005  2.153504632352597E-010
  2.025720226543943E-005  2.153503897135173E-010
  2.060452261488842E-005  2.153503149270971E-010
  2.095779795375602E-005  2.153502388584781E-010
  2.131713038345676E-005  2.153501614856780E-010
  2.168260307783592E-005  2.153500827907899E-010
  2.205436267125253E-005  2.153500027422435E-010
  2.243249627773394E-005  2.153499213212838E-010
  2.281711318307473E-005  2.153498385043825E-010
  2.320832454683166E-005  2.153497542676071E-010
  2.360624343445038E-005  2.153496685866158E-010
  2.401096195129420E-005  2.153495814415794E-010
  2.442264247786710E-005  2.153494927975373E-010
  2.484138148282596E-005  2.153494026337218E-010
  2.526727589071844E-005  2.153493109292667E-010
  2.570049657820501E-005  2.153492176473816E-010
  2.614114506142541E-005  2.153491227662127E-010
  2.658934869383032E-005  2.153490262583428E-010
  2.704523701241210E-005  2.153489280958829E-010
  2.750894177514271E-005  2.153488282504684E-010
  2.798057031468963E-005  2.153487266989927E-010
  2.846031185708712E-005  2.153486234007162E-010
  2.894827881965702E-005  2.153485183314383E-010
  2.944461223153906E-005  2.153484114607975E-010
  2.994942697787853E-005  2.153483027640628E-010
  3.046292559962555E-005  2.153481921976279E-010
  3.098522842436218E-005  2.153480797355904E-010
  3.151648640476290E-005  2.153479653454522E-010
  3.205685308166487E-005  2.153478489941603E-010
  3.260648462844338E-005  2.153477306480937E-010
  3.316550826703960E-005  2.153476102798648E-010
  3.373414828800706E-005  2.153474878411883E-010
  3.431253794015285E-005  2.153473633033788E-010
  3.490084438601323E-005  2.153472366304510E-010
  3.549920379951867E-005  2.153471077930919E-010
  3.610785625345822E-005  2.153469767396178E-010
  3.672694437270956E-005  2.153468434393263E-010
  3.735664708222369E-005  2.153467078537012E-010
  3.799714637471368E-005  2.153465699435647E-010
  3.864862736325302E-005  2.153464296690675E-010
  3.931124084463727E-005  2.153462869977503E-010
  3.998525267156792E-005  2.153461418723808E-010
  4.067082078451453E-005  2.153459942589610E-010
  4.136810387034038E-005  2.153458441233339E-010
  4.207738169182916E-005  2.153456914052736E-010
  4.279882045329317E-005  2.153455360690038E-010
  4.353262866042171E-005  2.153453780696425E-010
  4.427901839384340E-005  2.153452173615369E-010
  4.503820537042040E-005  2.153450538982530E-010
  4.581036531740387E-005  2.153448876419669E-010
  4.659580803954975E-005  2.153447185259856E-010
  4.739471758880993E-005  2.153445465106957E-010
  4.820732486099309E-005  2.153443715463946E-010
  4.903381794842252E-005  2.153441935925994E-010
  4.987452845530824E-005  2.153440125779266E-010
  5.072965338444293E-005  2.153438284599746E-010
  5.159943987865053E-005  2.153436411855462E-010
  5.248413931814819E-005  2.153434507005346E-010
  5.338400739319863E-005  2.153432569499031E-010
  5.429925239418106E-005  2.153430598888228E-010
  5.523024153420368E-005  2.153428594382476E-010
  5.617719297095459E-005  2.153426555512245E-010
  5.714038038637687E-005  2.153424481688485E-010
  5.812002672723079E-005  2.153422372431364E-010
  5.911652504562523E-005  2.153420226894825E-010
  6.013010884994387E-005  2.153418044576324E-010
  6.116107107979723E-005  2.153415824845364E-010
  6.220970969739899E-005  2.153413567060653E-010
  6.327632777368110E-005  2.153411270569893E-010
  6.436117219625934E-005  2.153408934841780E-010
  6.546467822464556E-005  2.153406558939426E-010
  6.658710444222552E-005  2.153404142306362E-010
  6.772871065439621E-005  2.153401684383487E-010
  6.888995489454222E-005  2.153399184184932E-010
  7.007110927578265E-005  2.153396641125111E-010
  7.127251516792128E-005  2.153394054469364E-010
  7.249451979372609E-005  2.153391423470425E-010
  7.373747632928139E-005  2.153388747368226E-010
  7.500167247885770E-005  2.153386025543679E-010
  7.628761546117456E-005  2.153383256905077E-010
  7.759560660987381E-005  2.153380440804023E-010
  7.892602395232329E-005  2.153377576427002E-010
  8.027917543714395E-005  2.153374663111387E-010
  8.165560397357000E-005  2.153371699688696E-010
  8.305563209862625E-005  2.153368685464944E-010
  8.447966443962809E-005  2.153365619569406E-010
  8.592811256143827E-005  2.153362501116438E-010
  8.740139508541485E-005  2.153359329205228E-010
  8.889985302885143E-005  2.153356103102052E-010
  9.042408760060287E-005  2.153352821513040E-010
  9.197445597292390E-005  2.153349483669720E-010
  9.355140622352177E-005  2.153346088607949E-010
  9.515530336541868E-005  2.153342635542419E-010
  9.678679091161289E-005  2.153339123088259E-010
  9.844625116683378E-005  2.153335550422995E-010
  1.001341637378379E-004  2.153331916514674E-010
  1.018510164544908E-004  2.153328220313672E-010
  1.035973055107570E-004  2.153324460752388E-010
  1.053734351161199E-004  2.153320636961267E-010
  1.071801178864060E-004  2.153316747406840E-010
  1.090177771796541E-004  2.153312791178374E-010
  1.108868383546045E-004  2.153308767360881E-010
  1.127880513129370E-004  2.153304674340688E-010
  1.147218615638477E-004  2.153300511159493E-010
  1.166888280050020E-004  2.153296276614884E-010
  1.186895191166584E-004  2.153291969483881E-010
  1.207245131259674E-004  2.153287588522538E-010
  1.227942810682792E-004  2.153283132717709E-010
  1.248996533725156E-004  2.153278600282590E-010
  1.270411233883139E-004  2.153273990156075E-010
  1.292191867967788E-004  2.153269301272068E-010
  1.314347174769627E-004  2.153264531750346E-010
  1.336882345917970E-004  2.153259680474356E-010
  1.359803894386121E-004  2.153254746043127E-010
  1.383118444815725E-004  2.153249727031690E-010
  1.406832735431380E-004  2.153244621990677E-010
  1.430953619988076E-004  2.153239429445899E-010
  1.455488069752024E-004  2.153234147897915E-010
  1.480441763655487E-004  2.153228776125536E-010
  1.505824713578880E-004  2.153223311974876E-010
  1.531641406793906E-004  2.153217754481376E-010
  1.557902201432156E-004  2.153212101416743E-010
  1.584613251157513E-004  2.153206351457806E-010
  1.611782275829419E-004  2.153200502944314E-010
  1.639417127668354E-004  2.153194554187597E-010
  1.667525793525232E-004  2.153188503470055E-010
  1.696116397189712E-004  2.153182349044673E-010
  1.725195556462606E-004  2.153176089488704E-010
  1.754774938436825E-004  2.153169722292555E-010
  1.784861474417265E-004  2.153163245966120E-010
  1.815462128464729E-004  2.153156659012337E-010
  1.846589178123780E-004  2.153149958790445E-010
  1.878249917362627E-004  2.153143143732524E-010
  1.910453496568819E-004  2.153136211871123E-010
  1.943209223018091E-004  2.153129161205123E-010
  1.976526563564303E-004  2.153121989699136E-010
  2.010415147375483E-004  2.153114695282939E-010
  2.044882818563637E-004  2.153107276270619E-010
  2.079943406191646E-004  2.153099729688149E-010
  2.115603108372150E-004  2.153092054204114E-010
  2.151876232432761E-004  2.153084246741762E-010
  2.188771278215793E-004  2.153076305474477E-010
  2.226298908895119E-004  2.153068228110098E-010
  2.264469970470318E-004  2.153060012317260E-010
  2.303295494901316E-004  2.153051655724684E-010
  2.342786703296773E-004  2.153043155920500E-010
  2.382955009157139E-004  2.153034510451574E-010
  2.423809710147140E-004  2.153025717320300E-010
  2.465367197923347E-004  2.153016773002366E-010
  2.507634819139301E-004  2.153007675920370E-010
  2.550629532341125E-004  2.152998422428308E-010
  2.594361412433917E-004  2.152989010361893E-010
  2.638843098530364E-004  2.152979437005095E-010
  2.684087446447365E-004  2.152969699595430E-010
  2.730107532421538E-004  2.152959795323144E-010
  2.776916656888431E-004  2.152949721330415E-010
  2.824525654647669E-004  2.152939475290235E-010
  2.872953627303773E-004  2.152929053096692E-010
  2.922211922931707E-004  2.152918452312700E-010
  2.972311943235077E-004  2.152907670489852E-010
  3.023273789262407E-004  2.152896703307775E-010
  3.075109402848497E-004  2.152885548202267E-010
  3.127833765196074E-004  2.152874201955227E-010
  3.181462114368441E-004  2.152862661293544E-010
  3.236009949693479E-004  2.152850922888119E-010
  3.291493036243168E-004  2.152838983352915E-010
  3.347924216559051E-004  2.152826839931060E-010
  3.405326131867359E-004  2.152814487757382E-010
  3.463710581471124E-004  2.152801924300043E-010
  3.523097714688388E-004  2.152789145230695E-010
  3.583503071428895E-004  2.152776147213170E-010
  3.644942371624219E-004  2.152762926872853E-010
  3.707436818865524E-004  2.152749479655482E-010
  3.771000968003715E-004  2.152735802437799E-010
  3.835656755946063E-004  2.152721890508463E-010
  3.901421101258171E-004  2.152707740236296E-010
  3.968311118498477E-004  2.152693347948298E-010
  4.036349892379442E-004  2.152678708687295E-010
  4.105553269016252E-004  2.152663819053983E-010
  4.175945131495156E-004  2.152648673920242E-010
  4.247541873961690E-004  2.152633269769659E-010
  4.320368205487268E-004  2.152617601297283E-010
  4.394443182634443E-004  2.152601664414761E-010
  4.469786082726200E-004  2.152585454986696E-010
  4.546422907687132E-004  2.152568967431427E-010
  4.624371506103961E-004  2.152552197921908E-010
  4.703658779165463E-004  2.152535140684061E-010
  4.784305474077314E-004  2.152517791268293E-010
  4.866332578390847E-004  2.152500145173831E-010
  4.949768400846215E-004  2.152482196325504E-010
  5.034632373505140E-004  2.152463940558318E-010
  5.120953784152074E-004  2.152445371587733E-010
  5.208755220624784E-004  2.152426484571137E-010
  5.298059532429467E-004  2.152407274610240E-010
  5.388897539775838E-004  2.152387735092894E-010
  5.481290398681944E-004  2.152367861486465E-010
  5.575269995259779E-004  2.152347646950993E-010
  5.670858217198195E-004  2.152327086797914E-010
  5.768088053375191E-004  2.152306173951644E-010
  5.866984946050678E-004  2.152284902960632E-010
  5.967574632220004E-004  2.152263268310717E-010
  6.069891826838814E-004  2.152241262557647E-010
  6.173960359408423E-004  2.152218880599257E-010
  6.279816145484684E-004  2.152196114734944E-010
  6.387486884491240E-004  2.152172959032113E-010
  6.497000596735238E-004  2.152149407490090E-010
  6.608395076982800E-004  2.152125452007177E-010
  6.721696268819689E-004  2.152101087031367E-010
  6.836943274126014E-004  2.152076304182088E-010
  6.954162933734099E-004  2.152051097716546E-010
  7.073395701843962E-004  2.152025458965731E-010
  7.194672778251833E-004  2.151999381251891E-010
  7.318025724187464E-004  2.151972857820726E-010
  7.443497110536694E-004  2.151945879551955E-010
  7.571116159372875E-004  2.151918440196868E-010
  7.700926913875662E-004  2.151890530321414E-010
  7.832963341796987E-004  2.151862142659320E-010
  7.967259804387637E-004  2.151833269861100E-010
  8.103862649299337E-004  2.151803902001838E-010
  8.242803691103284E-004  2.151774032282671E-010
  8.384130880362668E-004  2.151743650437391E-010
  8.527877131940481E-004  2.151712749433858E-010
  8.674092054747312E-004  2.151681318652926E-010
  8.822813909035523E-004  2.151649349916901E-010
  8.974081398282731E-004  2.151616834954595E-010
  9.127946727087435E-004  2.151583762594719E-010
  9.284445730424084E-004  2.151550125186595E-010
  9.443632418362360E-004  2.151515911175076E-010
  9.605548445493575E-004  2.151481111662840E-010
  9.770235948955957E-004  2.151445717650965E-010
  9.937751764789019E-004  2.151409716983822E-010
  1.010813490714252E-003  2.151373101338310E-010
  1.028144417770334E-003  2.151335858141374E-010
  1.045772492653767E-003  2.151297977713295E-010
  1.063702302906879E-003  2.151259450263973E-010
  1.081940036366530E-003  2.151220262567364E-010
  1.100489940569948E-003  2.151180405569467E-010
  1.119358417357385E-003  2.151139865590325E-010
  1.138549861165122E-003  2.151098633266105E-010
  1.158070895238007E-003  2.151056694447485E-010
  1.177926627670861E-003  2.151014038243680E-010
  1.198122225733144E-003  2.150970653639942E-010
  1.218664659217860E-003  2.150926525752796E-010
  1.239558712422972E-003  2.150881644397188E-010
  1.260811596188456E-003  2.150835994179346E-010
  1.282428871784535E-003  2.150789563252736E-010
  1.304416164905872E-003  2.150742339636183E-010
  1.326781063685353E-003  2.150694307137810E-010
  1.349528776870019E-003  2.150645454680222E-010
  1.372667155024718E-003  2.150595765516799E-010
  1.396201587038528E-003  2.150545228191998E-010
  1.420140194984344E-003  2.150493825385660E-010
  1.444489242909389E-003  2.150441543772440E-010
  1.469255067426636E-003  2.150388369875914E-010
  1.494446215580344E-003  2.150334285478973E-010
  1.520068554346248E-003  2.150279278124026E-010
  1.546130926364060E-003  2.150223328970610E-010
  1.572640151409160E-003  2.150166423526857E-010
  1.599603128260501E-003  2.150108547136947E-010
  1.627029162231391E-003  2.150049679985606E-010
  1.654924640798686E-003  2.149989808526951E-010
  1.683299191095524E-003  2.149928912268308E-010
  1.712160237928035E-003  2.149866975450710E-010
  1.741515292114890E-003  2.149803982137273E-010
  1.771374484509886E-003  2.149739910776101E-010
  1.801744769268354E-003  2.149674746639569E-010
  1.832636627614845E-003  2.149608467439780E-010
  1.864057254210841E-003  2.149541057948544E-010
  1.896017492769054E-003  2.149472495117162E-010
  1.928525706367407E-003  2.149402761227596E-010
  1.961590354965757E-003  2.149331838362460E-010
  1.995222849652589E-003  2.149259702283557E-010
  2.029431023378946E-003  2.149186336437049E-010
  2.064226681880374E-003  2.149111715758343E-010
  2.099618930182885E-003  2.149035820985369E-010
  2.135616978789511E-003  2.148958632639886E-010
  2.172233251147508E-003  2.148880124365372E-010
  2.209476275124685E-003  2.148800278169387E-010
  2.247358903827307E-003  2.148719066797908E-010
  2.285889960055430E-003  2.148636471649410E-010
  2.325082741433879E-003  2.148552464542336E-010
  2.364947503589627E-003  2.148467023829053E-010
  2.405494620955787E-003  2.148380127619982E-010
  2.446738086929043E-003  2.148291746283751E-010
  2.488687507042760E-003  2.148201859606558E-010
  2.531357358648582E-003  2.148110436950023E-010
  2.574758807223051E-003  2.148017454787755E-010
  2.618903147588986E-003  2.147922889331298E-010
  2.663805614596758E-003  2.147826708368428E-010
  2.709476665954875E-003  2.147728889937026E-010
  2.755932063403754E-003  2.147629400731897E-010
  2.803183962988728E-003  2.147528215188886E-010
  2.851244661576634E-003  2.147425307460071E-010
  2.900130745609714E-003  2.147320642532258E-010
  2.949853600574130E-003  2.147214196548146E-010
  3.000430386546334E-003  2.147105933308536E-010
  3.051872882774106E-003  2.146995828154389E-010
  3.104198842806968E-003  2.146883843661214E-010
  3.157421958848134E-003  2.146769951120504E-010
  3.211556081717917E-003  2.146654121506826E-010
  3.266619893885124E-003  2.146536315481377E-010
  3.322626219618340E-003  2.146416506264819E-010
  3.379594387510658E-003  2.146294653189368E-010
  3.437539304497968E-003  2.146170725073599E-010
  3.496476050205307E-003  2.146044690393398E-010
  3.556424964556090E-003  2.145916506404994E-010
  3.617400009550925E-003  2.145786144032982E-010
  3.679422228559791E-003  2.145653559092611E-010
  3.742506066452440E-003  2.145518721537875E-010
  3.806673294373784E-003  2.145381585695802E-010
  3.871940703047277E-003  2.145242116573593E-010
  3.938325277708226E-003  2.145100278796499E-010
  4.005849928633546E-003  2.144956024367444E-010
  4.074530382200060E-003  2.144809320675661E-010
  4.144390341025699E-003  2.144660118111290E-010
  4.215448085458346E-003  2.144508378687853E-010
  4.287722107614271E-003  2.144354064006513E-010
  4.361237350303903E-003  2.144197121939298E-010
  4.436010935102739E-003  2.144037517101565E-010
  4.512068667456431E-003  2.143875195618313E-010
  4.589428261082014E-003  2.143710120933398E-010
  4.668116413894191E-003  2.143542237368251E-010
  4.748153716326048E-003  2.143371502328972E-010
  4.829560997340202E-003  2.143197872763261E-010
  4.912366351766820E-003  2.143021290177419E-010
  4.996589064832686E-003  2.142841714922889E-010
  5.082258203014292E-003  2.142659086553528E-010
  5.169396183468407E-003  2.142473358862199E-010
  5.258025683042976E-003  2.142284485147898E-010
  5.348177289060255E-003  2.142092401917766E-010
  5.439871997676582E-003  2.141897066183906E-010
  5.533141454062187E-003  2.141698412340953E-010
  5.628010064159163E-003  2.141496390278098E-010
  5.724502516639829E-003  2.141290949352958E-010
  5.822652112445222E-003  2.141082020664608E-010
  5.922481710449950E-003  2.140869557621901E-010
  6.024025763292238E-003  2.140653489039513E-010
  6.127307920409992E-003  2.140433766807195E-010
  6.232363825969525E-003  2.140210317383015E-010
  6.339220970088681E-003  2.139983084664142E-010
  6.447907161344118E-003  2.139752011959625E-010
  6.558459908912494E-003  2.139517022052763E-010
  6.670904960341457E-003  2.139278062830877E-010
  6.785277886571282E-003  2.139035061404579E-010
  6.901615032036483E-003  2.138787943354994E-010
  7.019946838831882E-003  2.138536646913987E-010
  7.140307506471368E-003  2.138281102445376E-010
  7.262731820837419E-003  2.138021239187247E-010
  7.387248119202543E-003  2.137757000183532E-010
  7.513906359793109E-003  2.137488282724964E-010
  7.642736222298987E-003  2.137215027269891E-010
  7.773774940316039E-003  2.136937158381393E-010
  7.907060385829646E-003  2.136654599409683E-010
  8.042623410113185E-003  2.136367288727623E-010
  8.180518403542402E-003  2.136075114972091E-010
  8.320777678903426E-003  2.135778013729277E-010
  8.463441773049073E-003  2.135475903314880E-010
  8.608551917857749E-003  2.135168700739090E-010
  8.756141701638591E-003  2.134856339357964E-010
  8.906270340124197E-003  2.134538698469358E-010
  9.058973012797638E-003  2.134215708428742E-010
  9.214293852824091E-003  2.133887280830190E-010
  9.372277750054980E-003  2.133553325864054E-010
  9.532961272657098E-003  2.133213771505318E-010
  9.696408889811603E-003  2.132868486981468E-010
  9.862658902023572E-003  2.132517397039912E-010
  1.003175935782497E-002  2.132160406050873E-010
  1.020375912956504E-002  2.131797416877057E-010
  1.037869802963257E-002  2.131428351730022E-010
  1.055664624672805E-002  2.131053068987796E-010
  1.073764547926661E-002  2.130671487394118E-010
  1.092174803850703E-002  2.130283503565143E-010
  1.110899653824231E-002  2.129889034814721E-010
  1.129946610601044E-002  2.129487930247539E-010
  1.149320137434126E-002  2.129080103507867E-010
  1.169025833538243E-002  2.128665444608257E-010
  1.189069394129633E-002  2.128243841852894E-010
  1.209455458644846E-002  2.127815206061201E-010
  1.230192206347474E-002  2.127379373961903E-010
  1.251284496457396E-002  2.126936252440894E-010
  1.272738424935523E-002  2.126485722732986E-010
  1.294560192261208E-002  2.126027664245583E-010
  1.316754849468394E-002  2.125561980876495E-010
  1.339331301461287E-002  2.125088496060141E-010
  1.362294838555702E-002  2.124607109484036E-010
  1.385652097528574E-002  2.124117692999945E-010
  1.409409828947854E-002  2.123620116508201E-010
  1.433573531960611E-002  2.123114276545565E-010
  1.458152901488398E-002  2.122599982283368E-010
  1.483153697188555E-002  2.122077125759247E-010
  1.508583144633672E-002  2.121545568812680E-010
  1.534448593282567E-002  2.121005171203228E-010
  1.560756030150736E-002  2.120455821658083E-010
  1.587516010265137E-002  2.119897314067046E-010
  1.614734804263252E-002  2.119329532358181E-010
  1.642420278749578E-002  2.118752327708360E-010
  1.670580435205666E-002  2.118165549082240E-010
  1.699221791797712E-002  2.117569076943873E-010
  1.728355839964147E-002  2.116962688834898E-010
  1.757989406655273E-002  2.116346260110454E-010
  1.788131056377992E-002  2.115719630617103E-010
  1.818787765950152E-002  2.115082673881662E-010
  1.849971835406826E-002  2.114435153568576E-010
  1.881690572077610E-002  2.113776937842063E-010
  1.913953143112105E-002  2.113107856995200E-010
  1.946768872835494E-002  2.112427738864126E-010
  1.980145357028733E-002  2.111736447900478E-010
  2.014095986950436E-002  2.111033729388256E-010
  2.048628718215350E-002  2.110319442094044E-010
  2.083753531256078E-002  2.109593403751589E-010
  2.119480577624972E-002  2.108855429500297E-010
  2.155818126978709E-002  2.108105374280255E-010
  2.192780758609641E-002  2.107342963811325E-010
  2.230377133931650E-002  2.106568047022832E-010
  2.268618118812460E-002  2.105780428403493E-010
  2.307514765420789E-002  2.104979909711329E-010
  2.347076077073342E-002  2.104166335960242E-010
  2.387317926495127E-002  2.103339412091134E-010
  2.428249743515622E-002  2.102498976781784E-010
  2.469883357990911E-002  2.101644820599402E-010
  2.512230802606162E-002  2.100776731247273E-010
  2.555301879426302E-002  2.099894543431217E-010
  2.599113869358602E-002  2.098997940075809E-010
  2.643677038819741E-002  2.098086749230114E-010
  2.689004267176426E-002  2.097160746883896E-010
  2.735108654618858E-002  2.096219706035409E-010
  2.782000872822818E-002  2.095263450746293E-010
  2.829699735807699E-002  2.094291640675686E-010
  2.878216420796978E-002  2.093304092917964E-010
  2.927564949777534E-002  2.092300568263592E-010
  2.977756745339076E-002  2.091280882057542E-010
  3.028811945352048E-002  2.090244674447804E-010
  3.080742513526790E-002  2.089191753575205E-010
  3.133563458509207E-002  2.088121867656286E-010
  3.187290046276305E-002  2.087034761710670E-010
  3.241934712796921E-002  2.085930240000809E-010
  3.297519382515132E-002  2.084807917175526E-010
  3.354057080527060E-002  2.083667590017724E-010
  3.411564147002275E-002  2.082508990564785E-010
  3.470057202271117E-002  2.081331847563300E-010
  3.529549785585617E-002  2.080135954076408E-010
  3.590065766463127E-002  2.078920898051975E-010
  3.651619325548636E-002  2.077686464829255E-010
  3.714228252664303E-002  2.076432369835585E-010
  3.777910642648114E-002  2.075158325133897E-010
  3.842681235915388E-002  2.073864112590736E-010
  3.908566019618032E-002  2.072549292306504E-010
  3.975580432466851E-002  2.071213638220621E-010
  4.043743842545581E-002  2.069856848831268E-010
  4.113075950013910E-002  2.068478619224296E-010
  4.183592803014176E-002  2.067078720218760E-010
  4.255322694203256E-002  2.065656683002432E-010
  4.328282431969729E-002  2.064212270316533E-010
  4.402493102677717E-002  2.062745163551393E-010
  4.477976154228104E-002  2.061255040668852E-010
  4.554749058508010E-002  2.059741661766355E-010
  4.632842618217013E-002  2.058204528165364E-010
  4.712275132935322E-002  2.056643391800408E-010
  4.793069559748307E-002  2.055057916947922E-010
  4.875244599954816E-002  2.053447855503116E-010
  4.958833223690605E-002  2.051812684304679E-010
  5.043855018188351E-002  2.050152147073897E-010
  5.130334555911879E-002  2.048465894530960E-010
  5.218296830632784E-002  2.046753574041443E-010
  5.307762202775071E-002  2.045014927921870E-010
  5.398766567489596E-002  2.043249401822010E-010
  5.491331249731679E-002  2.041456729955593E-010
  5.585483001963076E-002  2.039636546471773E-010
  5.681249035330523E-002  2.037788482277536E-010
  5.778651516575964E-002  2.035912271124136E-010
  5.877729525364239E-002  2.034007327028897E-010
  5.978506278539036E-002  2.032073375822196E-010
  6.081010901963159E-002  2.030110035765333E-010
  6.185273020877591E-002  2.028116922052250E-010
  6.291316768593520E-002  2.026093761207436E-010
  6.399184691810644E-002  2.024039935438674E-010
  6.508902067103885E-002  2.021955163661345E-010
  6.620500604298364E-002  2.019839049263059E-010
  6.734012556900781E-002  2.017691192810955E-010
  6.849464199259905E-002  2.015511315313066E-010
  6.966901852695591E-002  2.013298767308209E-010
  7.086353036247395E-002  2.011053262657272E-010
  7.207852272944430E-002  2.008774391269080E-010
  7.331434677731236E-002  2.006461740561198E-010
  7.457128855940824E-002  2.004115028156393E-010
  7.584985238386602E-002  2.001733573437321E-010
  7.715033785517733E-002  1.999317087512979E-010
  7.847312083146639E-002  1.996865148641009E-010
  7.981850749424510E-002  1.994377473585169E-010
  8.118703763735845E-002  1.991853357459253E-010
  8.257903194700918E-002  1.989292511158027E-010
  8.399489272862989E-002  1.986694505258640E-010
  8.543502918539075E-002  1.984058908680788E-010
  8.689977466234194E-002  1.981385439859450E-010
  8.838971684227744E-002  1.978673364797496E-010
  8.990520486175251E-002  1.975922397057598E-010
  9.144667671757441E-002  1.973132100114503E-010
  9.301457791623520E-002  1.970302036401259E-010
  9.460927137619397E-002  1.967431929598341E-010
  9.623139691776274E-002  1.964521018461509E-010
  9.788133465188233E-002  1.961569023027046E-010
  9.955956143317016E-002  1.958575502985092E-010
  0.101266562292166       1.955540017721175E-010
  0.103002732344405       1.952462300339658E-010
  0.104768768173207       1.949341564805079E-010
  0.106565083611857       1.946177542056208E-010
  0.108392197820134       1.942969791940574E-010
  0.110250638859086       1.939717874868016E-010
  0.112140836897754       1.936421538187281E-010
  0.114063550318318       1.933079974171943E-010
  0.116019229668153       1.929692929750547E-010
  0.118008440165394       1.926259969532835E-010
  0.120031756719136       1.922780659693991E-010
  0.122089647661777       1.919254767318321E-010
  0.124182938656967       1.915681466777754E-010
  0.126312120223344       1.912060526760436E-010
  0.128477807723560       1.908391521933565E-010
  0.130680502444286       1.904674239584255E-010
  0.132921088147108       1.900907842976111E-010
  0.135200089866075       1.897092122824320E-010
  0.137518166263916       1.893226666127344E-010
  0.139875987296481       1.889311063608517E-010
  0.142274098723142       1.885345133902043E-010
  0.144713462710259       1.881328031023920E-010
  0.147194650871383       1.877259579572367E-010
  0.149718380303896       1.873139387904131E-010
  0.152285380400193       1.868967069494802E-010
  0.154896245337840       1.864742481716981E-010
  0.157552022643814       1.860464775183764E-010
  0.160253334643566       1.856133816043139E-010
  0.163000962053286       1.851749241244113E-010
  0.165795698974952       1.847310694378467E-010
  0.168638192299845       1.842818079570247E-010
  0.171529582488507       1.838270550594701E-010
  0.174470547077303       1.833668023418259E-010
  0.177461936045307       1.829010171440409E-010
  0.180504613944925       1.824296676343315E-010
  0.183599285057765       1.819527497562644E-010
  0.186747191022728       1.814701799272624E-010
  0.189949069485248       1.809819556041615E-010
  0.193205845832083       1.804880486118927E-010
  0.196518273901710       1.799884599652209E-010
  0.199887682701122       1.794831074745919E-010
  0.203314861780276       1.789719939442676E-010
  0.206800801640894       1.784550954208006E-010
  0.210346509767371       1.779323890963036E-010
  0.213952806876554       1.774038831584617E-010
  0.217621139881094       1.768694979013946E-010
  0.221352368377535       1.763292436587858E-010
  0.225147570742050       1.757831025701656E-010
  0.229007843840134       1.752310581036370E-010
  0.232934081200260       1.746731265593547E-010
  0.236927858100987       1.741092315722202E-010
  0.240990110399777       1.735393919503305E-010
  0.245122012143217       1.729635968423661E-010
  0.249324757507540       1.723818369082258E-010
  0.253599319292480       1.717941374932457E-010
  0.257947412530753       1.712004264469015E-010
  0.262370056106391       1.706007319808649E-010
  0.266868528223999       1.699950511576257E-010
  0.271444129003670       1.693833827281814E-010
  0.276097917549119       1.687657619833869E-010
  0.280831761045805       1.681421218553202E-010
  0.285646768770204       1.675125008455482E-010
  0.290544332325538       1.668769047971002E-010
  0.295525867174794       1.662353414077471E-010
  0.300592526382308       1.655878567528162E-010
  0.305746342784831       1.649343896833266E-010
  0.310988524070643       1.642749898039526E-010
  0.316320585301977       1.636096725374574E-010
  0.321743760678697       1.629384931292610E-010
  0.327260226078394       1.622613957280527E-010
  0.332871274168496       1.615784393365038E-010
  0.338578526618800       1.608896475508268E-010
  0.344383632903481       1.601950460732386E-010
  0.350287936717047       1.594947021863576E-010
  0.356293806974654       1.587885672901405E-010
  0.362402651025447       1.580767126645801E-010
  0.368616234409079       1.573591726512222E-010
  0.374936352936303       1.566359837988322E-010
  0.381364469510317       1.559072259201890E-010
  0.387903163209582       1.551728582554589E-010
  0.394553966239187       1.544329647929955E-010
  0.401318800772358       1.536875910569035E-010
  0.408199621938987       1.529367848440426E-010
  0.415198022426811       1.521806388028538E-010
  0.422316810122673       1.514191204552779E-010
  0.429557653164471       1.506523267291945E-010
  0.436922644255077       1.498803145779055E-010
  0.444413911977854       1.491031432513713E-010
  0.452033190319191       1.483209183209163E-010
  0.459783536273531       1.475336158556474E-010
  0.467666765971142       1.467413457248216E-010
  0.475685157773444       1.459441763388778E-010
  0.483841029105560       1.451421783821355E-010
  0.492136267788137       1.443354701913968E-010
  0.500574202023326       1.435240364473334E-010
  0.509156809063218       1.427079997089218E-010
  0.517886569398873       1.418874396301896E-010
  0.526765503687696       1.410624844696522E-010
  0.535797174321238       1.402331256961985E-010
  0.544983697681205       1.393994956579047E-010
  0.554327728798748       1.385616826774498E-010
  0.563831968226920       1.377197771818381E-010
  0.573498615890009       1.368739192369129E-010
  0.583331550224641       1.360241084766572E-010
  0.593333075371788       1.351704887983112E-010
  0.603506081909288       1.343131587311080E-010
  0.613853509975450       1.334522187406346E-010
  0.624377754665483       1.325878197790683E-010
  0.635083038499696       1.317199690709759E-010
  0.645971870035784       1.308488210399850E-010
  0.657047396295292       1.299744834784193E-010
  0.668312818257098       1.290970658957086E-010
  0.679770743502332       1.282167289376146E-010
  0.691425769161094       1.273334866159197E-010
  0.703280626343064       1.264475025911273E-010
  0.715338741264438       1.255588927254395E-010
  0.727603598885682       1.246677743313948E-010
  0.740078038124985       1.237743163019651E-010
  0.752767063956535       1.228785384196492E-010
  0.765673649786165       1.219806120480794E-010
  0.778801525794063       1.210806596995626E-010
  0.792154486116313       1.201788050284018E-010
  0.805735621531713       1.192752235042240E-010
  0.819550381041290       1.183699394765344E-010
  0.833602001842842       1.174631302676946E-010
  0.847894545047359       1.165549234276007E-010
  0.862431318916714       1.156454983589901E-010
  0.877218155871634       1.147348820948410E-010
  0.892258520895789       1.138232553545701E-010
  0.907556760860795       1.129107484549814E-010
  0.923117297167664       1.119974922214988E-010
  0.938943731577696       1.110836691948078E-010
  0.955042413947121       1.101693084543102E-010
  0.971417116662936       1.092545931518423E-010
  0.988072572238641       1.083396553963338E-010
   1.00501359432916       1.074246274278973E-010
   1.02224410423363       1.065096928665490E-010
   1.03977101514918       1.055948813220326E-010
   1.05759843413807       1.046803763009235E-010
   1.07573151356870       1.037663098044553E-010
   1.09417549414954       1.028528135836130E-010
   1.11293464506606       1.019400702470653E-010
   1.13201649283424       1.010281084008006E-010
   1.15142550888301       1.001171098190902E-010
   1.17116730268402       9.920720449909391E-011
   1.19124757988624       9.829852181397648E-011
   1.21167098842493       9.739124129910623E-011
   1.23244572254677       9.648538905741202E-011
   1.25357665037298       9.558114309506335E-011
   1.27506987903128       9.467862956991344E-011
   1.29693162035933       9.377797366099416E-011
   1.31916693464376       9.287934985653198E-011
   1.34178474310113       9.198278034278035E-011
   1.36479034573829       9.108843743124162E-011
   1.38819039148968       9.019644172088766E-011
   1.41199029670970       8.930696233550677E-011
   1.43619961035754       8.842001739753207E-011
   1.46082400537574       8.753577338273543E-011
   1.48587059855195       8.665434531384237E-011
   1.51134662869484       8.577584667560908E-011
   1.53725799268212       8.490043838458471E-011
   1.56361508662902       8.402813246137454E-011
   1.59042408676515       8.315908665703242E-011
   1.61769274125895       8.229340778153185E-011
   1.64542893112529       8.143120085472656E-011
   1.67363907639581       8.057261712687183E-011
   1.70233449549902       7.971766156605939E-011
   1.73152191260175       7.886648183042238E-011
   1.76120976326756       7.801917535270382E-011
   1.79140662769215       7.717583757234071E-011
   1.82211949547380       7.633660886690874E-011
   1.85336068917929       7.550148642065101E-011
   1.88513752952407       7.467060669125310E-011
   1.91745920045050       7.384405682157155E-011
   1.95033504336444       7.302192180998907E-011
   1.98377266796112       7.220433022655402E-011
   2.01778549002980       7.139127097209610E-011
   2.05238147975865       7.058286847150805E-011
   2.08757063586282       6.977919892776612E-011
   2.12336312849071       6.898033630108189E-011
   2.15976724244767       6.818639669816064E-011
   2.19679758373301       6.739736047082077E-011
   2.23446282962694       6.661333945728746E-011
   2.27277386590172       6.583439853342863E-011
   2.31173956032419       6.506064354876813E-011
   2.35137554664678       6.429204797748881E-011
   2.39169111272771       6.352871337255711E-011
   2.43269791031811       6.277069543999130E-011
   2.47440779094447       6.201804759439886E-011
   2.51683040909626       6.127086272791180E-011
   2.55998278550721       6.052910584860290E-011
   2.60387503202749       5.979286559904183E-011
   2.64851983411787       5.906218628697875E-011
   2.69393009473800       5.833710996662052E-011
   2.74011632489575       5.761771665085752E-011
   2.78709705535512       5.690396320695518E-011
   2.83488329506038       5.619592552733104E-011
   2.88348885488970       5.549363679281479E-011
   2.93292778251601       5.479712800840031E-011
   2.98321152145338       5.410646660638169E-011
   3.03436024646163       5.342160180598910E-011
   3.08638594316671       5.274259711866034E-011
   3.13930364770797       5.206947505675101E-011
   3.19312865402726       5.140225606815254E-011
   3.24787342087413       5.074099549299140E-011
   3.30355991285474       5.008563553304701E-011
   3.36020117892513       4.943622786506637E-011
   3.41781358918744       4.879278494663920E-011
   3.47641379441782       4.815531730936813E-011
   3.53601535867005       4.752386884610826E-011
   3.59664219518664       4.689837547828266E-011
   3.65830851058926       4.627887773754472E-011
   3.72103212728818       4.566537876255875E-011
   3.78482756377371       4.505791383598897E-011
   3.84972041594692       4.445641443728608E-011
   3.91572589008037       4.386091275312624E-011
   3.98286306266069       4.327140505786422E-011
   4.05115133725085       4.268788599628379E-011
   4.12060652037962       4.211038084996395E-011
   4.19125647874241       4.153881631429908E-011
   4.26311776766831       4.097321492540520E-011
   4.33621115605467       4.041356516688261E-011
   4.41055776889247       3.985985407253945E-011
   4.48617481501998       3.931209782675250E-011
   4.56309263338527       3.877021921501060E-011
   4.64132924805833       3.823423203732129E-011
   4.72090727049303       3.770411789494313E-011
   4.80184969982846       3.717985712286026E-011
   4.88417527162128       3.666145774598884E-011
   4.96791701640327       3.614883951242579E-011
   5.05309455728781       3.564200842435818E-011
   5.13973251175155       3.514094011781831E-011
   5.22785591935070       3.464560914497540E-011
   5.31748517780633       3.415601631709132E-011
   5.40865624802349       3.367207919440470E-011
   5.50139049402141       3.319379691911574E-011
   5.59571471726811       3.272114006547386E-011
   5.69165617875681       3.225407830123187E-011
   5.78923708583539       3.179260615579107E-011
   5.88849658975641       3.133663981072837E-011
   5.98945794989313       3.088617246515557E-011
   6.09215034546229       3.044117050296456E-011
   6.19659754643484       3.000162407797479E-011
   6.30284145894661       2.956744881559384E-011
   6.41090697901981       2.913863379595951E-011
   6.52082533907079       2.871514264728877E-011
   6.63262830701202       2.829693838807935E-011
   6.74634176161754       2.788400647721951E-011
   6.86201132681436       2.747626247553257E-011
   6.97966410732780       2.707369106759311E-011
   7.09933410642385       2.667625313540014E-011
   7.22105591037231       2.628390909983487E-011
   7.34485769383724       2.589664053393245E-011
   7.47078912836850       2.551436356980263E-011
   7.59887972334427       2.513705927917670E-011
   7.72916649870196       2.476468651442891E-011
   7.86168710910524       2.439720380203961E-011
   7.99647222879285       2.403458957579333E-011
   8.13357593603093       2.367676110193107E-011
   8.27303035818437       2.332369655793559E-011
   8.41487579949237       2.297535341492326E-011
   8.55915325523145       2.263168893937864E-011
   8.70589612097013       2.229267910527383E-011
   8.85516327264194       2.195824280136889E-011
   9.00698968785867       2.162835596170971E-011
   9.16141924653507       2.130297525410451E-011
   9.31848769412344       2.098207512728641E-011
   9.47825804937041       2.066557607015200E-011
   9.64076775109222       2.035345264414745E-011
   9.80606376681985       2.004566124314444E-011
   9.97419386936721       1.974215823910218E-011
   10.1451969754197       1.944291666911095E-011
   10.3191416945650       1.914785933993138E-011
   10.4960687870829       1.885695956726319E-011
   10.6760293873278       1.857017380543479E-011
   10.8590755063795       1.828745856922106E-011
   11.0452495134993       1.800878597041138E-011
   11.2346261051190       1.773408142329191E-011
   11.4272496576525       1.746331745772730E-011
   11.6231758419463       1.719645097425922E-011
   11.8224612833530       1.693343900337390E-011
   12.0251521100120       1.667425315239719E-011
   12.2313296452066       1.641882166935061E-011
   12.4410422022978       1.616711669433555E-011
   12.6543503910887       1.591909589721141E-011
   12.8713158605692       1.567471713527307E-011
   13.0919888312340       1.543395187036177E-011
   13.3164578411330       1.519673135224029E-011
   13.5447754898488       1.496302766736717E-011
   13.7770077643109       1.473279951987103E-011
   14.0132217828294       1.450600584775951E-011
   14.2534722213161       1.428261826880246E-011
   14.4978554726605       1.406257114988547E-011
   14.7464288029281       1.384583680444323E-011
   14.9992640532181       1.363237518259280E-011
   15.2564197467203       1.342215820816904E-011
   15.5179990590231       1.321512279309617E-011
   15.7840632857265       1.301124160014953E-011
   16.0546893230385       1.281047569614532E-011
   16.3299553855927       1.261278644076378E-011
   16.6099251885872       1.241814632634702E-011
   16.8947110610502       1.222649547516472E-011
   17.1843797365501       1.203780715739563E-011
   17.4790149333040       1.185204394904917E-011
   17.7787018049219       1.166916873990382E-011
   18.0835097192297       1.148915475646269E-011
   18.3935609707622       1.131194532938699E-011
   18.7089282134972       1.113751448692367E-011
   19.0297025928898       1.096582640397651E-011
   19.3559768171320       1.079684558290305E-011
   19.6878264081627       1.063054611073539E-011
   20.0253845101341       1.046687449284727E-011
   20.3687107975493       1.030581459213201E-011
   20.7179430192219       1.014731416822590E-011
   21.0731630103644       9.991348493549808E-012
   21.4344734344224       9.837884067878884E-012
   21.8019787150603       9.686887727239495E-012
   22.1757850663407       9.538326644301314E-012
   22.5560005234222       9.392168328573832E-012
   22.9427349737828       9.248380626413253E-012
   23.3361001889786       9.106931720846340E-012
   23.7362098569479       8.967790131217777E-012
   24.1431335654516       8.830939941855368E-012
   24.5570802436191       8.696319634424546E-012
   24.9781242545293       8.563914216226447E-012
   25.4063872856718       8.433693544995291E-012
   25.8419931109318       8.305627810584662E-012
   26.2850676263628       8.179687533682717E-012
   26.7357388865720       8.055843564392591E-012
   27.1941371417301       7.934067080683601E-012
   27.6603948752150       7.814329586718984E-012
   28.1346468419018       7.696602911065472E-012
   28.6169755245072       7.580872080537379E-012
   29.1076285677609       7.467083597338069E-012
   29.6066941145879       7.355223348044769E-012
   30.1143164017708       7.245264438726037E-012
   30.6306421391074       7.137180289318589E-012
   31.1558205518121       7.030944631239822E-012
   31.6900034236437       6.926531504918835E-012
   32.2333451407730       6.823915257250667E-012
   32.7860027364027       6.723070538978745E-012
   33.3480723296913       6.623983323368694E-012
   33.9198425071930       6.526606626234074E-012
   34.5014159840473       6.430927209390476E-012
   35.0929608429595       6.336920911496156E-012
   35.6946480485007       6.244563861058089E-012
   36.3066514965196       6.153832473481604E-012
   36.9291480643999       6.064703448080369E-012
   37.5623176621811       5.977153765050851E-012
   38.2063432845545       5.891160682415697E-012
   38.8614110637512       5.806701732940005E-012
   39.5276349302846       5.723763943335757E-012
   40.2053569472238       5.642306775939493E-012
   40.8946988633311       5.562317959711643E-012
   41.5958599078676       5.483776095122304E-012
   42.3090427259846       5.406660041701127E-012
   43.0344534372906       5.330948914874758E-012
   43.7723016954228       5.256622082804161E-012
   44.5228007486399       5.183659163225452E-012
   45.2861675014539       5.112040020297581E-012
   46.0626225773182       5.041744761460352E-012
   46.8523010186335       4.972761402372080E-012
   47.6556082744456       4.905055048461982E-012
   48.4726886541643       4.838614331586302E-012
   49.3037783052174       4.773420301177957E-012
   50.1491174239041       4.709454234504160E-012
   51.0089503248148       4.646697633650311E-012
   51.8835255114420       4.585132222534552E-012
   52.7730957480004       4.524739943955531E-012
   53.6779181324800       4.465502956675884E-012
   54.5981500331442       4.407410087875993E-012
